0|1005022800
9152272|9152272|1|2813640092|2813640092|2813640092|2813640092||no_ii152272|EDTF_6|0|MARVINS1|UNO|10|1000295291
9152272|9152272|1|2813640092|2813640092|2813640092|2813640092||no_ii152272|EDTF_6|0|MARVINS1|UNO|10|1000295291|20|1000295291|17|1001649600|19|1001649600|27|1001649600|29|1001649600|IA0288|1001714400|IE0288|1001714400|EDTF_CRTE|1001908800|EDTF_OS_1|1001995201|16|1021309814|26|1054589982
9152271|9152271|1|0|0|0|0||no_ii152271|EDTF_1|0|SC1MF1F|UNO|EDTF_CRTE|1001649600|EDTF_OS_10|1001649601
9152270|9152270|1|0|0|0|0||no_ii152270|EDTF_1|0|marshak1|UNO|EDTF_CRTE|1001563200|EDTF_OS_10|1001649601
9152269|9152269|1|8307575480|8307581919|8307575480|8307581919||no_ii152269|EDTF_6|0|marshak1|UNO|17|949726800|27|949726800|18|984632400|28|984632400|EDTF_CRTE|1001476800|EDTF_TPV_CRTE|1001476800|EDTF_OS_10|1001563201|17|1001649600|19|1001649600|27|1001649600|29|1001649600
9152269|9152269|1|8307581919|8307581919|8307581919|8307581919||no_ii152269|EDTF_6|0|marshak1|UNO|18|954306000|28|954306000|EDTF_CRTE|1001476800|EDTF_TPV_CRTE|1001476800|EDTF_OS_10|1001563201|17|1001649600|19|1001649600|27|1001649600|29|1001649600
9152268|9152268|1|0|0|0|0||no_ii152268|EDTF_6|0|TONYW1|UNO|EDTF_CRTE|1001476800|EDTF_OS_10|1001649601
9152267|9152267|1|9035721286|9035721286|9035721286|9035721286||no_ii152267|EDTF_6|0|ARUZICKA|UNO|18|995428800|28|995428800|30|995428800|EDTF_CRTE|1001390400|EDTF_TPV_CRTE|1001390400|EDTF_OS_10|1001476801
9152267|9152267|1|9035779341|9035721286|9035779341|9035721286||no_ii152267|EDTF_6|0|ARUZICKA|UNO|EDTF_CRTE|1001390400|EDTF_TPV_CRTE|1001390400|EDTF_OS_10|1001476801|17|1007096400|19|1007096400|27|1007096400|29|1007096400|18|1020398400|28|1020398400|30|1020398400
9152266|9152266|1|8306253816|8306253816|8306253816|8306253816||no_ii152266|EDTF_6|0|ARUZICKA|UNO|18|970027200|28|970027200|17|1001304000|27|1001304000|EDTF_CRTE|1001390400|EDTF_TPV_CRTE|1001390400|EDTF_OS_10|1001476801|19|1001649600|29|1001649600
9152261|9152261|1|0|0|0|0||no_ii152261|EDTF_1|0|jlaird1|UNO|EDTF_CRTE|1001390400|EDTF_OS_10|1001476801
9152260|9152260|1|2813411311|2813411311|2813411311|2813411311||no_ii152260|EDTF_6|0|MSTAND1|UNO|17|991281600|19|991281600|27|991281600|29|991281600|EDTF_CRTE|1001390400|EDTF_TPV_CRTE|1001390400|EDTF_OS_14|1001476801|10|1002636112|20|1002636112|17|1002686400|19|1002686400|27|1002686400|29|1002686400|16|1021263402|26|1035765730
9152260|9152260|1|2813411312|2813411311|2813411312|2813411311||no_ii152260|EDTF_6|0|MSTAND1|UNO|18|943074000|28|943074000|17|990158400|19|990158400|27|990158400|29|990158400|EDTF_CRTE|1001390400|EDTF_TPV_CRTE|1001390400|EDTF_OS_14|1001476801|10|1002537152|20|1002537152|17|1002600000|19|1002600000|27|1002600000|29|1002600000|16|1013553908|26|1013553908|18|1013662800|28|1013662800|30|1013662800
9152260|9152260|1|8325952112|2813411311|8325952112|2813411311||no_ii152260|EDTF_6|0|MSTAND1|UNO|EDTF_CRTE|1001390400|EDTF_TPV_CRTE|1001390400|EDTF_OS_14|1001476801|17|1002600000|19|1002600000|27|1002600000|29|1002600000|10|1002607398|20|1002607398|16|1021261990|26|1035808845
9152259|9152259|1|8173610588|8173610588|8173610588|8173610588||no_ii152259|EDTF_6|0|jlaird1|UNO|EDTF_CRTE|1001390400|EDTF_TPV_CRTE|1001390400|EDTF_OS_14|1001476801|10|1002572260|20|1002572260|17|1002600000|19|1002600000|27|1002600000|29|1002600000|16|1021302540|26|1040090934|28|1040101200|30|1040101200
9152257|9152257|1|0|0|0|0||no_ii152257|EDTF_1|0|jlaird1|UNO|EDTF_CRTE|1001390400|EDTF_OS_10|1001476801
9152256|9152256|1|0|0|0|0||no_ii152256|EDTF_1|0|jlaird1|UNO|EDTF_CRTE|1001390400|EDTF_OS_10|1001476801
9152254|9152254|1|0|0|0|0||no_ii152254|EDTF_1|0|ARUZICKA|UNO|EDTF_CRTE|1001304000|EDTF_OS_10|1001476801
9152253|9152253|1|0|0|0|0||no_ii152253|EDTF_1|0|SC1MF4N|UNO|EDTF_CRTE|1001304000|EDTF_OS_10|1001649601
9152252|9152252|1|0|0|0|0||no_ii152252|EDTF_1|0|TARRAGLT|UNO|EDTF_CRTE|1001304000|EDTF_OS_10|1001563201
9152251|9152251|1|0|0|0|0||no_ii152251|EDTF_1|0|TARRAGLT|UNO|EDTF_CRTE|1001304000|EDTF_OS_10|1001390401
9152249|9152249|1|0|0|0|0||no_ii152249|EDTF_6|0|2499|UNO|EDTF_CRTE|1001304000|EDTF_OS_9|1001649601
9152248|9152248|1|2813995341|2813995341|2813995341|2813995341||no_ii152248|EDTF_6|0|ULISSESP|UNO|EDTF_CRTE|1001304000|EDTF_TPV_CRTE|1001304000|EDTF_OS_10|1001476801
9152247|9152247|1|0|0|0|0||no_ii152247|EDTF_1|0|CHRISK1|UNO|EDTF_CRTE|1001304000|EDTF_OS_10|1001390401
9152245|9152245|1|2143817015|2143817015|2143817015|2143817015||no_ii152245|EDTF_6|0|RLLITTLE|UNO|18|988430400|28|988430400|EDTF_CRTE|1001304000|EDTF_TPV_CRTE|1001304000|EDTF_OS_14|1001649601|10|1004485072|20|1004485072|IA0288|1004546280|IE0288|1004546280|16|1021291550|26|1054558297
9152242|9152242|1|5122826585|5122826585|5122826585|5122826585||no_ii152242|EDTF_6|0|ARUZICKA|UNO|EDTF_CRTE|1000785600|EDTF_TPV_CRTE|1000785600|EDTF_OS_14|1001476801|28|1030248000
9152241|9152241|1|9722995513|9722995513|9722995513|9722995513||no_ii152241|EDTF_6|0|SLMARTIN|UNO|18|959832000|28|959832000|EDTF_CRTE|1000785600|17|1000958400|19|1000958400|27|1000958400|29|1000958400|EDTF_OS_9|1001304001|10|1001417059|20|1001417059|16|1007091229|26|1007091229|18|1007701200|28|1007701200|30|1007701200|17|1007787600|27|1007787600|28|1023768000
9152240|9152240|1|8173991827|8173991827|8173991827|8173991827||no_ii152240|EDTF_6|0|SLMARTIN|UNO|EDTF_CRTE|1000785600|EDTF_OS_9|1001304001
9152239|9152239|1|0|0|0|0||no_ii152239|EDTF_1|0|ARUZICKA|UNO|EDTF_CRTE|1000785600|EDTF_OS_9|1001304001
9152237|9152237|1|9405529584|9405529584|9405529584|9405529584||no_ii152237|EDTF_6|0|SC1MF23|UNO|EDTF_CRTE|1000785600|EDTF_TPV_CRTE|1000785600|EDTF_OS_10|1001649601|18|1010725200|28|1010725200|17|1012798800|19|1012798800|27|1012798800|29|1012798800|28|1038027600|30|1038027600|27|1039755600
9152235|9152235|1|0|0|0|0||no_ii152235|EDTF_1|0|IVANG|UNO|EDTF_CRTE|1000785600|EDTF_OS_10|1001304001
9152233|9152233|1|0|0|0|0||no_ii152233|EDTF_1|0|SLMARTIN|UNO|EDTF_CRTE|1000785600|EDTF_OS_10|1001304001
9152232|9152232|1|0|0|0|0||no_ii152232|EDTF_1|0|CHRISK1|UNO|EDTF_CRTE|1000785600|EDTF_OS_9|1001304001
9152228|9152228|1|2814484113|2814484113|2814484113|2814484113||no_ii152228|EDTF_6|0|IVANG|UNO|10|982236596|20|982236596|41|988257600|31|988257600|41|988257600|EDTF_CRTE|1000785600|17|1001390400|19|1001390400|27|1001390400|29|1001390400|EDTF_OS_10|1001476801|16|1017947101|26|1017947101|18|1018069200|28|1018069200|30|1018069200
9152227|9152227|1|8307092218|8307092218|8307092218|8307092218||no_ii152227|EDTF_6|0|MARVINS|UNO|EDTF_CRTE|1000785600|EDTF_OS_10|1001304001
9152226|9152226|1|0|0|0|0||no_ii152226|EDTF_1|0|ogiraldo|UNO|EDTF_CRTE|1000785600|EDTF_OS_10|1001304001
9152225|9152225|1|8176249061|8176249061|8176249061|8176249061||no_ii152225|EDTF_6|0|ARUZICKA|UNO|EDTF_CRTE|1000785600|EDTF_TPV_CRTE|1000785600|EDTF_OS_10|1001304001|17|1001563200|19|1001563200|27|1001563200|29|1001563200
9152224|9152224|1|2105230900|2105230900|2105230900|2105230900||no_ii152224|EDTF_6|0|darrelld|UNO|18|992491200|28|992491200|17|993700800|27|993700800|17|997934400|19|997934400|27|997934400|29|997934400|EDTF_CRTE|1000785600|EDTF_TPV_CRTE|1000785600|EDTF_OS_9|1001304001|10|1003427981|20|1003427981|17|1003464000|19|1003464000|27|1003464000|29|1003464000|IA0288|1003472880|IE0288|1003472880|16|1021288362|26|1054559622
9152223|9152223|1|2814446608|2814449226|2814446608|2814449226||no_ii152223|EDTF_6|0|TARRAGLT|UNO|EDTF_CRTE|1000785600|10|1001346265|20|1001346265|EDTF_OS_9|1001563201|16|1021297321|26|1035906991
9152223|9152223|1|2814449226|2814449226|2814449226|2814449226||no_ii152223|EDTF_6|0|TARRAGLT|UNO|EDTF_CRTE|1000785600|10|1001336228|20|1001336228|EDTF_OS_9|1001563201|16|1021306507|26|1036951591|28|1037422800|30|1037422800
9152222|9152222|1|0|0|0|0||no_ii152222|EDTF_1|0|CWINDELS|UNO|EDTF_CRTE|1000785600|EDTF_OS_9|1001304001
9152221|9152221|1|2547542756|2547542756|2547542756|2547542756||no_ii152221|EDTF_6|0|TONYW1|UNO|EDTF_CRTE|1000785600|EDTF_TPV_CRTE|1000785600|EDTF_OS_10|1001304001
9152220|9152220|1|0|0|0|0||no_ii152220|EDTF_1|0|MELISSA1|UNO|EDTF_CRTE|1000785600|EDTF_OS_9|1001304001
9152218|9152218|1|0|0|0|0||no_ii152218|EDTF_1|0|MARVINS1|UNO|EDTF_CRTE|1000785600|EDTF_OS_10|1001304001
9152217|9152217|1|0|0|0|0||no_ii152217|EDTF_1|0|jlaird1|UNO|EDTF_CRTE|1000785600|EDTF_OS_9|1001304001
9152216|9152216|1|0|0|0|0||no_ii152216|EDTF_1|0|ASANTIZO|UNO|EDTF_CRTE|1000785600|EDTF_OS_9|1001649601
9152214|9152214|1|0|0|0|0||no_ii152214|EDTF_1|0|SLMARTIN|UNO|EDTF_CRTE|1000785600|EDTF_OS_10|1001563201
9152212|9152212|1|9036938856|9036938856|9036938856|9036938856||no_ii152212|EDTF_6|0|SHANNON1|UNO|17|992059200|19|992059200|27|992059200|29|992059200|EDTF_CRTE|1000785600|EDTF_TPV_CRTE|1000785600|EDTF_OS_10|1001476801|10|1004488708|20|1004488708|16|1011654887|26|1011654887|18|1012021200|28|1012021200|30|1012021200
9152211|9152211|1|0|0|0|0||no_ii152211|EDTF_6|0|1075735|UNO|EDTF_CRTE|1000785600|EDTF_OS_10|1001390401
9152210|9152210|1|0|0|0|0||no_ii152210|EDTF_1|0|ULISSESP|UNO|EDTF_CRTE|1000785600|EDTF_OS_10|1001304001
9152209|9152209|1|0|0|0|0||no_ii152209|EDTF_6|0|STANMOLL|UNO|EDTF_CRTE|1000785600|EDTF_OS_9|1001304001
9152208|9152208|1|0|0|0|0||no_ii152208|EDTF_1|0|DANROB1|UNO|EDTF_CRTE|1000785600|EDTF_OS_10|1001304001
9152207|9152207|1|0|0|0|0||no_ii152207|EDTF_1|0|RLLITTLE|UNO|EDTF_CRTE|1000785600|EDTF_OS_10|1001304001
9152206|9152206|1|0|0|0|0||no_ii152206|EDTF_1|0|CRIMMJ|UNO|EDTF_CRTE|1000785600|EDTF_OS_9|1001563201
9152203|9152203|1|7137312788|7137312788|7137312788|7137312788||no_ii152203|EDTF_6|0|1075735|UNO|17|963374400|27|963374400|18|967003200|28|967003200|EDTF_CRTE|1000785600|EDTF_TPV_CRTE|1000785600|EDTF_OS_10|1001304001|10|1013425943|20|1013425943|16|1021303246|26|1042083545
9152202|9152202|1|0|0|0|0||no_ii152202|EDTF_1|0|robertt1|UNO|EDTF_CRTE|1000785600|EDTF_OS_10|1001304001
9152201|9152201|1|0|0|0|0||no_ii152201|EDTF_1|0|MELANIE1|UNO|EDTF_CRTE|1000785600|EDTF_OS_10|1001304001
9152200|9152200|1|0|0|0|0||no_ii152200|EDTF_1|0|RLLITTLE|UNO|EDTF_CRTE|1000785600|EDTF_OS_10|1001304001
9152197|9152197|1|0|0|0|0||no_ii152197|EDTF_1|0|IVANG|UNO|EDTF_CRTE|1000699200|EDTF_OS_9|1001476801
9152196|9152196|1|0|0|0|0||no_ii152196|EDTF_1|0|BRIANL1|UNO|EDTF_CRTE|1000699200|EDTF_OS_10|1000785601
9152194|9152194|1|0|0|0|0||no_ii152194|EDTF_1|0|nansari|UNO|EDTF_CRTE|1000699200|EDTF_OS_10|1001649601
9152193|9152193|1|9566831168|9566831168|9566831168|9566831168||no_ii152193|EDTF_6|0|SC1MF4N|UNO|EDTF_CRTE|1000699200|EDTF_TPV_CRTE|1000699200|10|1000925938|20|1000925938|60|1001131200|IA0000|1001143380|IE0000|1001143380|EDTF_OS_10|1001649601|16|1021251775|26|1054409129
9152192|9152192|1|0|0|0|0||no_ii152192|EDTF_6|0|SC1MF1A|UNO|EDTF_CRTE|1000699200|EDTF_OS_9|1001390401
9152191|9152191|1|9727729974|9727729974|9727729974|9727729974||no_ii152191|EDTF_6|0|SC1MF19|UNO|17|972360000|19|972360000|27|972360000|29|972360000|EDTF_CRTE|1000699200|EDTF_OS_9|1001390401
9152190|9152190|1|0|0|0|0||no_ii152190|EDTF_1|0|BARJONES|UNO|EDTF_CRTE|1000699200|EDTF_OS_10|1001476801
9152189|9152189|1|0|0|0|0||no_ii152189|EDTF_1|0|ydeleon|UNO|EDTF_CRTE|1000699200|EDTF_OS_10|1001304001
9152188|9152188|1|0|0|0|0||no_ii152188|EDTF_1|0|MELANIE1|UNO|EDTF_CRTE|1000699200|EDTF_OS_10|1001304001
9152187|9152187|1|5122882057|5122889742|5122882057|5122889742||no_ii152187|EDTF_6|0|BRIANL1|UNO|EDTF_CRTE|1000699200|EDTF_TPV_CRTE|1000699200|EDTF_OS_9|1000785601
9152187|9152187|1|5122889742|5122889742|5122889742|5122889742||no_ii152187|EDTF_6|0|BRIANL1|UNO|EDTF_CRTE|1000699200|EDTF_TPV_CRTE|1000699200|EDTF_OS_9|1000785601
9152187|9152187|1|5122889744|5122889742|5122889744|5122889742||no_ii152187|EDTF_6|0|BRIANL1|UNO|EDTF_CRTE|1000699200|EDTF_TPV_CRTE|1000699200|EDTF_OS_9|1000785601
9152186|9152186|1|0|0|0|0||no_ii152186|EDTF_1|0|SLMARTIN|UNO|EDTF_CRTE|1000699200|EDTF_OS_10|1001304001
9152185|9152185|1|0|0|0|0||no_ii152185|EDTF_1|0|cymartin|UNO|EDTF_CRTE|1000699200|EDTF_OS_10|1000785601
9152184|9152184|1|0|0|0|0||no_ii152184|EDTF_1|0|CWINDELS|UNO|EDTF_CRTE|1000699200|EDTF_OS_10|1000785601
9152183|9152183|1|0|0|0|0||no_ii152183|EDTF_6|0|TRACIJ|UNO|EDTF_CRTE|1000699200|EDTF_OS_10|1000785601
9152182|9152182|1|7135278668|7135278668|7135278668|7135278668||no_ii152182|EDTF_6|0|SC1MF19|UNO|EDTF_CRTE|1000699200|EDTF_TPV_CRTE|1000699200|EDTF_OS_9|1001563201
9152181|9152181|1|0|0|0|0||no_ii152181|EDTF_6|0|robertt1|UNO|EDTF_CRTE|1000699200|EDTF_OS_10|1000785601
9152180|9152180|1|0|0|0|0||no_ii152180|EDTF_6|0|robertt1|UNO|EDTF_CRTE|1000699200|EDTF_OS_10|1000785601
9152179|9152179|1|0|0|0|0||no_ii152179|EDTF_6|0|SC1MF51|UNO|EDTF_CRTE|1000699200|EDTF_OS_10|1000785601
9152177|9152177|1|0|0|0|0||no_ii152177|EDTF_1|0|nansari|UNO|EDTF_CRTE|1000699200|EDTF_OS_10|1000785601
9152176|9152176|1|8176337845|8176337845|8176337845|8176337845||no_ii152176|EDTF_6|0|GSHIELDS|UNO|19|971496000|29|971496000|EDTF_CRTE|1000699200|EDTF_TPV_CRTE|1000699200|EDTF_OS_9|1000785601|10|1005137992|20|1005137992|16|1015903833|26|1015903833|70|1025023800
9152175|9152175|1|0|0|0|0||no_ii152175|EDTF_1|0|MELANIE1|UNO|EDTF_CRTE|1000699200|EDTF_OS_10|1000785601
9152172|9152172|1|0|0|0|0||no_ii152172|EDTF_1|0|SC1MF1A|UNO|EDTF_CRTE|1000440000|EDTF_OS_10|1000785601
9152171|9152171|1|0|0|0|0||no_ii152171|EDTF_1|0|LFRANKS|UNO|EDTF_CRTE|1000440000|EDTF_OS_10|1001304001
9152169|9152169|1|0|0|0|0||no_ii152169|EDTF_1|0|ogiraldo|UNO|EDTF_CRTE|1000440000|EDTF_OS_9|1001304001
9152167|9152167|1|8303743751|8303743751|8303743751|8303743751||no_ii152167|EDTF_6|0|CWINDELS|UNO|30|953787600|18|954565200|28|954565200|19|973659600|29|973659600|17|974178000|27|974178000|EDTF_CRTE|1000440000|EDTF_TPV_CRTE|1000440000|EDTF_OS_10|1000785601|10|1001094499|20|1001094499|16|1021240076|26|1046307630
9152164|9152164|1|9727232306|9727232306|9727232306|9727232306||no_ii152164|EDTF_6|0|cymartin|UNO|EDTF_CRTE|1000440000|EDTF_TPV_CRTE|1000440000|EDTF_OS_9|1001476801|10|1010765443|20|1010765443|16|1013573079|26|1013573079|18|1014181200|28|1014181200|30|1014181200
9152164|9152164|1|9727753438|9727232306|9727753438|9727232306||no_ii152164|EDTF_6|0|cymartin|UNO|EDTF_CRTE|1000440000|EDTF_TPV_CRTE|1000440000|EDTF_OS_9|1001476801|10|1010787979|20|1010787979|16|1013635579|26|1013635579|18|1014181200|28|1014181200|30|1014181200
9152163|9152163|1|0|0|0|0||no_ii152163|EDTF_1|0|0336035|UNO|EDTF_CRTE|1000440000|EDTF_OS_9|1000785601
9152161|9152161|1|0|0|0|0||no_ii152161|EDTF_1|0|CALLIER|UNO|EDTF_CRTE|1000440000|EDTF_OS_10|1001304001
9152160|9152160|1|0|0|0|0||no_ii152160|EDTF_1|0|CALLIER|UNO|EDTF_CRTE|1000440000|EDTF_OS_9|1001304001
9152157|9152157|1|0|0|0|0||no_ii152157|EDTF_1|0|SC1MF51|UNO|EDTF_CRTE|1000353600|EDTF_OS_9|1001304001
9152153|9152153|1|0|0|0|0||no_ii152153|EDTF_1|0|ULISSESP|UNO|EDTF_CRTE|1000353600|EDTF_OS_10|1001304001
9152151|9152151|1|9722941958|9722941958|9722941958|9722941958||no_ii152151|EDTF_6|0|vanover1|UNO|EDTF_CRTE|1000353600|EDTF_TPV_CRTE|1000353600|EDTF_OS_10|1001304001|10|1001672974|20|1001672974|17|1001908800|19|1001908800|27|1001908800|29|1001908800|IA0288|1001975940|IE0288|1001975940|16|1021245243|26|1054561850
9152150|9152150|1|2818948028|2818948028|2818948028|2818948028||no_ii152150|EDTF_6|0|MELANIE1|UNO|EDTF_CRTE|1000353600|EDTF_TPV_CRTE|1000353600|EDTF_OS_10|1000785601
9152148|9152148|1|8178687819|8178687819|8178687819|8178687819||no_ii152148|EDTF_6|0|SC1MF19|UNO|30|941605200|18|942814800|28|942814800|19|943851600|29|943851600|17|947912400|27|947912400|EDTF_CRTE|1000353600|EDTF_TPV_CRTE|1000353600|10|1000817372|20|1000817372|17|1000872000|19|1000872000|27|1000872000|29|1000872000|16|1001443651|EDTF_OS_10|1001476801|18|1001995200|28|1001995200|30|1001995200|IA0288|1050081660|IE0288|1050081660|26|1054521073
9152146|9152146|1|0|5127940729|0|5127940729||no_ii152146|EDTF_6|0|SHEILAL1|UNO|EDTF_CRTE|1000353600|EDTF_OS_9|1001563201
9152146|9152146|1|5122410482|5127940729|5122410482|5127940729||no_ii152146|EDTF_6|0|SHEILAL1|UNO|EDTF_CRTE|1000353600|EDTF_OS_9|1001563201
9152146|9152146|1|5127940729|5127940729|5127940729|5127940729||no_ii152146|EDTF_6|0|SHEILAL1|UNO|19|939614400|29|939614400|17|939700800|27|939700800|18|940564800|28|940564800|30|945320400|EDTF_CRTE|1000353600|EDTF_OS_9|1001563201
9152144|9152144|1|0|0|0|0||no_ii152144|EDTF_1|0|JPROGERS|UNO|EDTF_CRTE|1000267200|EDTF_TPV_CRTE|1000267200|EDTF_OS_9|1000785601
9152143|9152143|1|2107337389|2107337389|2107337389|2107337389||no_ii152143|EDTF_6|0|ASANTIZO|UNO|18|940478400|28|940478400|17|941518800|27|941518800|18|942469200|28|942469200|17|944197200|27|944197200|18|944542800|28|944542800|17|990763200|27|990763200|EDTF_CRTE|1000267200|EDTF_OS_10|1001476801|18|1002772800|28|1002772800|17|1004155200|27|1004155200|18|1007701200|28|1007701200|17|1010984400|27|1010984400|18|1011243600|28|1011243600
9152140|9152140|1|0|0|0|0||no_ii152140|EDTF_1|0|ydeleon|UNO|EDTF_CRTE|1000267200|EDTF_OS_10|1000699201
9152139|9152139|1|2812962381|2812962381|2812962381|2812962381||no_ii152139|EDTF_6|0|LFRANKS|UNO|17|991195200|27|991195200|EDTF_CRTE|1000267200|EDTF_TPV_CRTE|1000267200|EDTF_OS_9|1001304001|19|1002168000|29|1002168000|17|1003291200|19|1003291200|27|1003291200|29|1003291200|10|1003340310|20|1003340310|16|1021310855|26|1035988696|28|1039582800|30|1039582800
9152139|9152139|1|2812967462|2812962381|2812967462|2812962381||no_ii152139|EDTF_6|0|LFRANKS|UNO|EDTF_CRTE|1000267200|EDTF_TPV_CRTE|1000267200|EDTF_OS_9|1001304001
9152138|9152138|1|2814522781|2814522781|2814522781|2814522781||no_ii152138|EDTF_6|0|BRIANL1|UNO|EDTF_CRTE|1000267200|EDTF_OS_10|1000785601|10|1001519864|20|1001519864|17|1004068800|19|1004068800|27|1004068800|29|1004068800|IA0288|1004106540|IE0288|1004106540|16|1020889652|26|1054485102
9152137|9152137|1|0|0|0|0||no_ii152137|EDTF_1|0|SHEILAP1|UNO|EDTF_CRTE|1000267200|EDTF_OS_10|1000440001
9152136|9152136|1|0|0|0|0||no_ii152136|EDTF_1|0|fjbrock|UNO|EDTF_CRTE|1000267200|EDTF_OS_10|1000699201
9152135|9152135|1|0|0|0|0||no_ii152135|EDTF_1|0|CALLIER|UNO|EDTF_CRTE|1000267200|EDTF_OS_10|1000699201
9152134|9152134|1|0|0|0|0||no_ii152134|EDTF_1|0|SC1MF2Q|UNO|EDTF_CRTE|1000267200|EDTF_OS_9|1000785601
9152133|9152133|1|0|0|0|0||no_ii152133|EDTF_1|0|SC1MF3B|UNO|EDTF_CRTE|1000267200|EDTF_OS_10|1000699201
9152132|9152132|1|0|0|0|0||no_ii152132|EDTF_1|0|1942|UNO|EDTF_CRTE|1000267200|EDTF_OS_10|1000699201
9152131|9152131|1|4099839775|4099839775|4099839775|4099839775||no_ii152131|EDTF_6|0|angelar1|UNO|EDTF_CRTE|1000267200|EDTF_OS_10|1000699201
9152130|9152130|1|0|0|0|0||no_ii152130|EDTF_1|0|melissa1|UNO|EDTF_CRTE|1000267200|EDTF_OS_10|1000699201
9152129|9152129|1|0|0|0|0||no_ii152129|EDTF_1|0|SC1MF2G|UNO|EDTF_CRTE|1000267200|EDTF_OS_10|1000699201
9152128|9152128|1|0|0|0|0||no_ii152128|EDTF_6|0|IVANG|UNO|EDTF_CRTE|1000267200|EDTF_OS_10|1000699201
9152127|9152127|1|0|0|0|0||no_ii152127|EDTF_1|0|KAIH|UNO|EDTF_CRTE|1000267200|EDTF_OS_10|1000699201
9152126|9152126|1|0|0|0|0||no_ii152126|EDTF_1|0|MAURICE1|UNO|EDTF_CRTE|1000267200|EDTF_OS_10|1000785601
9152125|9152125|1|0|0|0|0||no_ii152125|EDTF_1|0|SC1MF2L|UNO|EDTF_CRTE|1000267200|EDTF_OS_9|1000785601
9152124|9152124|1|0|0|0|0||no_ii152124|EDTF_1|0|fjbrock|UNO|EDTF_CRTE|1000267200|EDTF_OS_10|1000699201
9152123|9152123|1|0|0|0|0||no_ii152123|EDTF_1|0|ASANTIZO|UNO|EDTF_CRTE|1000267200|EDTF_OS_9|1000440001
9152122|9152122|1|0|0|0|0||no_ii152122|EDTF_1|0|ULISSESP|UNO|EDTF_CRTE|1000267200|EDTF_OS_10|1000699201
