0|0|0|0|0|0|0|0
1|1|1|1|1|1|1|1
129|129|129|129|129|129|129|129
257|257|257|257|257|257|257|257
32769|32769|32769|32769|32769|32769|32769|32769
65537|65537|65537|65537|65537|65537|65537|65537
2147483649|2147483649|2147483649|2147483649|2147483649|2147483649|2147483649|2147483649
4294967297|4294967297|4294967297|4294967297|4294967297|4294967297|4294967297|4294967297
9223372036854775809|9223372036854775809|9223372036854775809|9223372036854775809|9223372036854775809|9223372036854775809|9223372036854775809|9223372036854775809
18446744073709551617|18446744073709551617|18446744073709551617|18446744073709551617|18446744073709551617|18446744073709551617|18446744073709551617|18446744073709551617
-1|-1|-1|-1|-1|-1|-1|-1
-129|-129|-129|-129|-129|-129|-129|-129
-257|-257|-257|-257|-257|-257|-257|-257
-32769|-32769|-32769|-32769|-32769|-32769|-32769|-32769
-65537|-65537|-65537|-65537|-65537|-65537|-65537|-65537
-2147483649|-2147483649|-2147483649|-2147483649|-2147483649|-2147483649|-2147483649|-2147483649
-4294967297|-4294967297|-4294967297|-4294967297|-4294967297|-4294967297|-4294967297|-4294967297
-9223372036854775809|-9223372036854775809|-9223372036854775809|-9223372036854775809|-9223372036854775809|-9223372036854775809|-9223372036854775809|-9223372036854775809
-18446744073709551617|-18446744073709551617|-18446744073709551617|-18446744073709551617|-18446744073709551617|-18446744073709551617|-18446744073709551617|-18446744073709551617
